480.0 0.005
480.5 0.006
481.0 0.008
481.5 0.010
482.0 0.013
482.5 0.017
483.0 0.022
483.5 0.028
484.0 0.035
484.5 0.043
485.0 0.052
485.5 0.062
486.0 0.073
486.5 0.085
487.0 0.098
487.5 0.112
488.0 0.127
488.5 0.143
489.0 0.160
489.5 0.178
490.0 0.197
490.5 0.217
491.0 0.238
491.5 0.260
492.0 0.283
492.5 0.307
493.0 0.332
493.5 0.358
494.0 0.385
494.5 0.412
495.0 0.440
495.5 0.468
496.0 0.496
496.5 0.525
497.0 0.553
497.5 0.581
498.0 0.608
498.5 0.635
499.0 0.661
499.5 0.686
500.0 0.710
500.5 0.733
501.0 0.755
501.5 0.776
502.0 0.796
502.5 0.815
503.0 0.833
503.5 0.849
504.0 0.865
504.5 0.879
505.0 0.892
505.5 0.904
506.0 0.915
506.5 0.925
507.0 0.934
507.5 0.942
508.0 0.949
508.5 0.955
509.0 0.960
509.5 0.964
510.0 0.967
510.5 0.969
511.0 0.970
511.5 0.970
512.0 0.969
512.5 0.967
513.0 0.964
513.5 0.960
514.0 0.955
514.5 0.949
515.0 0.942
515.5 0.934
516.0 0.925
516.5 0.915
517.0 0.904
517.5 0.892
518.0 0.879
518.5 0.865
519.0 0.849
519.5 0.833
520.0 0.815
